ans =

   1.0e-03 *

  Columns 1 through 9

    0.2830   -0.0655    0.1345    0.0546   -0.1753    0.4916   -0.0750    0.2177    0.0100

  Columns 10 through 18

    0.1402   -0.0665    0.2982    0.1674    0.0075   -0.0611    0.2731    0.0906    0.0605

  Columns 19 through 20

    0.2793   -0.0537

