ans =

   1.0e-03 *

  Columns 1 through 9

    0.0278   -0.0951   -0.0205    0.0610    0.3391   -0.0337    0.1430    0.4577    0.0921

  Columns 10 through 18

    0.3155    0.0724   -0.0378    0.2040   -0.1261   -0.1271    0.2522   -0.0165   -0.0041

  Columns 19 through 27

    0.1805   -0.2163   -0.0070    0.0805    0.0630   -0.0441   -0.0242    0.0428   -0.0447

  Columns 28 through 36

   -0.0163   -0.1768   -0.1089    0.0167    0.1093    0.0171    0.1006   -0.0433   -0.0938

  Columns 37 through 45

   -0.4193   -0.0349    0.2066   -0.1185    0.1577    0.5025    0.2425   -0.0085   -0.3404

  Columns 46 through 54

    0.2769   -0.1429   -0.0295    0.4490   -0.2640   -0.0542    0.1489   -0.2638   -0.1498

  Columns 55 through 63

   -0.0607   -0.1970   -0.1440   -0.0211    0.0133   -0.0556    0.0965    0.1061    0.4358

  Columns 64 through 72

   -0.0353   -0.1523   -0.1049    0.1670   -0.0385    0.1576    0.0649    0.0434    0.0308

  Columns 73 through 81

    0.0836   -0.0650   -0.0284    0.0512    0.0337    0.0121   -0.1812    0.2999   -0.1306

  Columns 82 through 90

    0.1632   -0.1489    0.0371    0.0070    0.1876    0.2246    0.1657    0.4759   -0.3465

  Columns 91 through 99

    0.1216   -0.0740   -0.0920    0.0155    0.0649    0.1469    0.3597    0.0285   -0.0554

  Columns 100 through 108

   -0.1517   -0.2466    0.1409    0.2043   -0.0239   -0.0923   -0.0023   -0.0794    0.2122

  Columns 109 through 117

    0.2348    0.1245    0.1402   -0.0731   -0.1162   -0.1323   -0.2545    0.3861   -0.1252

  Columns 118 through 126

   -0.0451    0.2377   -0.1596   -0.0296    0.0996    0.0535    0.1809   -0.2387    0.1280

  Columns 127 through 135

   -0.0715   -0.0646    0.1860   -0.0076    0.0554    0.0059   -0.0200   -0.0727   -0.0621

  Columns 136 through 144

   -0.0277   -0.0373    0.0946   -0.0469    0.0502    0.2991   -0.2223    0.0295   -0.2572

  Columns 145 through 153

   -0.1310   -0.0105    0.1615    0.0297    0.1030   -0.0165   -0.0812   -0.0517    0.0218

  Columns 154 through 162

   -0.0643   -0.1302   -0.0594    0.0202   -0.2008   -0.1990   -0.0095    0.1069   -0.0234

  Columns 163 through 171

   -0.0354    0.0792   -0.1477   -0.0043    0.4131    0.1304    0.0018   -0.0783    0.1909

  Columns 172 through 180

   -0.3076   -0.0201    0.2888    0.1875   -0.0487    0.1948    0.0063   -0.1424   -0.1911

  Columns 181 through 189

    0.1756    0.0957   -0.1742   -0.2177   -0.0361   -0.0652    0.2479    0.2000    0.1555

  Columns 190 through 198

    0.1013   -0.0438    0.3719    0.3166   -0.0719    0.0573   -0.0008   -0.0979   -0.1978

  Columns 199 through 207

    0.1554    0.0091   -0.0391   -0.1201    0.1920    0.0735    0.2456   -0.0060    0.3420

  Columns 208 through 216

    0.5391    0.2228    0.4000   -0.2743    0.0353    0.1239    0.5147    0.0797    0.0747

  Columns 217 through 225

   -0.0718   -0.0033    0.1501    0.0283   -0.2365    0.2209   -0.0228   -0.1874   -0.0652

  Columns 226 through 234

    0.0135    0.2893   -0.1107    0.0193   -0.1126    0.0924    0.2019   -0.0706    0.0730

  Columns 235 through 243

   -0.0663    0.1950    0.0397    0.4680    0.0548    0.3591   -0.1657   -0.0275   -0.0086

  Columns 244 through 252

    0.1890   -0.0261   -0.0110   -0.0252   -0.1537    0.4153   -0.1180    0.0519    0.0622

  Columns 253 through 261

   -0.2332   -0.0734   -0.0485   -0.0738   -0.1166    0.1085   -0.1026   -0.0001    0.3823

  Columns 262 through 270

    0.1402   -0.2094    0.1145    0.3398    0.1452    0.1888    0.0284   -0.0694   -0.0352

  Columns 271 through 279

   -0.0447   -0.0686    0.0610    0.1862    0.0208    0.1199   -0.0359   -0.0278   -0.2046

  Columns 280 through 288

   -0.1274   -0.0317   -0.0231    0.0130   -0.0284    0.0241    0.0240    0.0908   -0.1565

  Columns 289 through 297

   -0.0935   -0.0122    0.1339   -0.0063    0.0028    0.0555    0.0841    0.0882    0.3552

  Columns 298 through 306

   -0.0177    0.0358   -0.2324    0.4861    0.0839    0.2690   -0.1087   -0.0297   -0.1307

  Columns 307 through 315

    0.5573   -0.0290    0.0682    0.0119    0.1011   -0.0783    0.1885    0.0916    0.1701

  Columns 316 through 324

   -0.0703    0.3985    0.0344    0.0784    0.3556   -0.2251    0.0556   -0.1172    0.0197

  Columns 325 through 333

    0.1189    0.0435   -0.1532    0.0066    0.2722   -0.1126    0.1758    0.1865   -0.1464

  Columns 334 through 342

   -0.0352   -0.1801   -0.0197   -0.0980   -0.0253   -0.0358   -0.1002   -0.1191   -0.0983

  Columns 343 through 351

    0.0069   -0.0328   -0.0786    0.0884   -0.0844   -0.0833    0.1741    0.1972    0.0873

  Columns 352 through 360

   -0.0886    0.0812   -0.1316   -0.3517   -0.2928   -0.0561   -0.2060   -0.2206   -0.4161

  Columns 361 through 369

   -0.0089   -0.2988   -0.0629    0.2036   -0.1028    0.0523    0.0540    0.4015    0.1350

  Columns 370 through 378

    0.0235   -0.1203    0.2584   -0.1614   -0.1849   -0.0553    0.0403   -0.0624    0.2059

  Columns 379 through 387

    0.1153    0.0158   -0.2085    0.0504   -0.1200   -0.0922    0.5190    0.1938   -0.0140

  Columns 388 through 396

    0.0789    0.0344   -0.1431    0.0685   -0.0074    0.5169    0.2505    0.0885    0.0585

  Columns 397 through 405

   -0.1564   -0.0493    0.1149    0.1290    0.0877   -0.0690    0.0136   -0.0349    0.0486

  Columns 406 through 414

    0.0382   -0.1767    0.1242    0.2208    0.0417    0.0729    0.2184    0.0797   -0.0249

  Columns 415 through 423

    0.0200   -0.2379    0.1588   -0.1772    0.0765   -0.2014    0.1963   -0.0125   -0.1062

  Columns 424 through 432

    0.0798    0.2180    0.1036   -0.1035    0.3694    0.0435   -0.0136   -0.0365   -0.2199

  Columns 433 through 441

    0.2568   -0.2504    0.2084   -0.1753   -0.1722    0.0097   -0.1489    0.1195   -0.1323

  Columns 442 through 450

    0.0542   -0.2747   -0.0143    0.0622   -0.0262    0.0394    0.0763    0.1025   -0.0482

  Columns 451 through 459

   -0.0185   -0.2050    0.3248    0.3397    0.2485    0.0471   -0.0759   -0.1714    0.0675

  Columns 460 through 468

    0.0611   -0.0900    0.2699    0.0159   -0.1485    0.1301   -0.0859   -0.1497   -0.0523

  Columns 469 through 477

    0.1904    0.1212   -0.0893    0.0946   -0.0201   -0.0898   -0.3157    0.0148    0.0550

  Columns 478 through 486

    0.0127    0.0067    0.2937   -0.1762   -0.0255   -0.1732    0.1342    0.0576   -0.0429

  Columns 487 through 495

    0.2918    0.0138   -0.1361    0.1321   -0.0068    0.0030   -0.0359    0.1854   -0.0668

  Columns 496 through 500

   -0.0529    0.0017   -0.2299   -0.0097   -0.0317

