ans =

  Columns 1 through 9

   -0.0046   -0.0027   -0.0005   -0.0024    0.0023   -0.0010   -0.0025   -0.0019    0.0108

  Column 10

    0.0026

