ans =

   1.0e-03 *

  Columns 1 through 9

   -0.2217   -0.1113   -0.2878   -0.1751   -0.0494   -0.2672   -0.4311    0.0792   -0.1089

  Columns 10 through 18

   -0.0573   -0.4543    0.0645   -0.1509    0.0975   -0.0580   -0.1501   -0.2572   -0.0015

  Columns 19 through 27

   -0.2900   -0.1719   -0.2057    0.0267   -0.0439    0.0571   -0.3200   -0.0570   -0.3614

  Columns 28 through 36

   -0.0963   -0.0099   -0.4568   -0.1811   -0.2194    0.0717   -0.3252   -0.4754   -0.4116

  Columns 37 through 45

   -0.0934   -0.1674   -0.2442   -0.1991   -0.0729   -0.2273   -0.1489   -0.1359   -0.4044

  Columns 46 through 50

   -0.2114   -0.4072   -0.2780   -0.4047   -0.1384
